1231231231231231231231231231231231231231231231231231231231231231231231231231231231231231231231231231231231231231231231231231231231231231231231231231231231231231231231231231231231231231231231231231231231231231231231231231231231231231231231231231231231231231231231231231231231231231231231231231231231230.7988591675127966
0.6356474301045983
0.11754617317235794
0.2906984816914454
0.08819646825834959
0.6278260735966626
0.4885513606193653
0.3744839504723363
0.047153166320042406
0.19265179825014522
0.4081131867033301
0.8613420880564934
0.5103877877443835
0.8424715499113853
0.10159764401724614
0.6229391640661728
0.81173596526632
0.8790930440792686
0.3615745171884044
0.8304046650582076
0.977514205508399
0.4857360203817225
0.035480891562656325
0.5148403781586106
0.9208125581493793
0.45456262004365533
0.3316105686154208
0.9666099458909783
0.9855616843400243
0.06287898378383439
0.333718691390846
0.09441096725415254
0.31123001203868605
0.9284827579723115
0.9397265600486376
0.010639686985866148
0.2673268791515746
0.8982642757528163
0.4214559239349881
0.6613162860213201
0.6414582931306103
0.15405201702913718
0.9400187424835776
0.27684589715146035
0.35550161338355846
0.755825263608837
0.6454322674860363
0.7841495818280978
0.23153642996905266
0.7848005607403453
0.4392260060921106
0.09120566976642486
0.7324885608799173
0.09753054452666898
0.08525102976800158
0.331801191936014
0.6620152668836807
0.45703680197710994
0.11659872768771773
0.741300041773598
0.5239789409129816
0.46813168348851075
0.9054804717678225
0.8234923466572442
0.6139281089267277
0.3114660601263134
0.33811541556514935
0.8640980536310663
0.9433237679203175
0.7444734284993597
0.7681188831912638
0.648254605481188
0.7818203099948513
0.21726313010509946
0.3095789791926806
0.4473270837927905
0.943729784008414
0.23764864730999524
0.07495471734504999
0.9546366572568349
0.9418693214838387
0.3118795639142953
0.6631236055942716
0.8702110863596181
0.7853113252127418
0.886278445478572
0.059352962860281244
0.26141905695195766
0.5071263202178845
0.7198671397033122
0.12166337699583896
0.6593574403948139
0.4740294507348094
0.02919916612349882
0.996999052606757
0.09011880143879991
0.1519105232192921
0.5639985798119125
0.1358143193781035
0.8855743152164233
